12129375
72301099
89209631
63762387
41402566
70358821
32301994
44272458
58009846
78836280
01215339
24126534
85663543
28074609
76180703
85705557
68736279
94784139
06372315
91356800
53091862
49413781
17460632
41497904
82179241
19610948
45107122
92195473
82959585
88455462
61514580
71306968
87663597
06149576
80974319
19885657
35596448
61219893
52302713
33089737
95856556
83534087
55355175
44512493
31388045
60535669
80602569
80630205
09958331
94304309
05751463
32437491
84531762
42021766
34429680
59504619
77619764
65428475
33790929
12990167
88747971
63486471
45083819
92322540
03023361
07196514
97075779
01445643
95274764
67013878
74616985
51282884
95910653
11525172
13141094
17111918
29412454
38224083
72709648
95528777
79134268
06290506
04329946
45017795
94879507
84466786
84007272
84623979
72914082
77652527
72647197
81808002
01549090
63165170
33943889
69845756
14274442
58064505
80637663
47860362
11305592
11251571
71931333
63127839
79287094
11312113
34143064
37642891
86209841
21803746
63518901
99559376
84437592
01597508
37784034
56668434
42111965
59342338
53710169
54178062
08300387
22480351
46466180
65880243
93243757
51193364
66736377
89676736
06465340
95888273
32406830
05127704
13792958
77086859
20619813
45201459
18483462
86005571
00474458
64887576
64837791
51245798
22685449
65163636
52158536
29166822
20232870
53416604
61495332
16809514
57519237
66017552
31710169
14474788
19821467
41293937
45070850
77704087
58150894
16650197
64889161
45902807
45366569
00660362
75363896
30505153
99210930
15018197
85798438
77287326
93164756
01775742
50976942
26434156
05793426
75741930
33365550
25498447
52990501
83845103
51498579
68445987
89603352
51033650
01879756
93777088
35630964
01739592
22884667
69466949
95548019
60310559
36010583
46751349
05651280
44794331
27014504
46916140
16614421
52746737
