65622875
23004062
25428972
86903582
60934880
27014382
26044214
56566450
83265703
94095526
48652504
47769204
75007913
20485418
51331378
47906827
92795546
66354331
69114222
33361562
85423630
63051329
99935005
32102763
08725461
46398981
64447367
58342617
47104167
71377977
93054099
43283234
81539749
69141404
99605526
20395620
83797948
36833161
14904955
07933973
66501255
93254511
76699745
24693017
68580811
25400321
84688625
87585412
83744290
72079499
59322179
01734941
17423875
42699420
77098296
39285961
91674658
10438564
19618390
64012010
16692955
56284601
55712029
36266420
68707600
52260964
90233415
95192893
53895605
73136378
54389247
45325628
74359314
05598840
02650531
34193115
65527567
98481747
42340371
36339107
36698955
21578323
23931062
26051243
97396568
27316830
81797573
69045765
00541154
06295970
14825944
44111695
33198088
50932455
14483981
92720014
34476402
07356582
31727382
06517534
87771438
29559881
20421899
77368833
11851496
83877350
02697314
35199160
35679655
57847619
23610898
42946059
85389951
43746334
70962229
52670855
00771649
99933209
33581984
98445202
21145426
41896704
53608619
16209090
20560235
14426258
17965988
91666564
12074077
67418096
18448609
14788931
65170168
11615348
37810903
73347364
79661858
98055393
46212946
81740666
18305056
18594834
47347579
65325670
42144074
50227815
93482369
16716030
38951740
07023903
96126597
89114462
57329785
76608666
63374758
18467558
11049482
86391355
50185333
52930515
17916988
19092732
67430277
04359349
79088013
45114370
51105781
91229624
85085233
94768718
34989084
26602860
55685496
07489540
28015132
33377152
26281019
20172625
99072543
30069163
84508537
28230583
64897659
53013728
48192532
39490421
90150881
74907303
06033366
19477550
37829781
55483170
64751350
45439814
44572772
81056773
56051446
42992580
55327831
03118293
01960672
26045210
72531783
10702534
08831974
58978201
73771829
22129182
20484616
57219081
64536514
77384499
23926605
82837814
86942868
74191891
65843488
53986922
64292961
35809260
99175974
94703724
90690175
98646890
95925404
90464818
28566555
99591383
36600018
26759346
42061338
73501193
60572762
57473320
61501628
35577599
56359945
60453979
16866081
92385333
08384944
43554134
06776832
36733918
97161103
67671482
92843931
63056303
03550353
67658363
02040087
99046843
28743482
55586443
69244293
75848308
16589110
45809773
30700136
67871354
37851069
57044180
58765968
09262574
79906246
03754988
49883495
83144539
39410507
50702970
67339782
29440161
06577926
43920069
23694520
54109631
34415900
13143810
51222238
02986521
18090388
55086422
60783366
86730210
56674537
12453625
76131547
87613572
57884416
83946322
46028974
45137574
11005419
13560498
70961321
16651312
09995927
97803649
33808534
88315905
63324570
46388472
07491172
81291477
88544523
13467827
45648757
76945716
16603547
93814228
78487512
80447302
79816324
80707446
22477068
10122641
22815819
72300522
81764215
17654442
55716332
99318955
38578003
24142081
71870199
17104352
72455120
64115475
73783477
88078575
44309778
41811116
15357884
22944233
64736558
57098593
86251460
51471804
41064196
56175074
64289712
84804310
33402931
20251276
52826162
92963906
59922499
29767414
31100699
01235120
95111287
10130397
47046882
75404903
49093289
97604333
41725668
62174826
60138163
23410288
29903578
32903700
79593229
89545159
31980944
01491775
77125736
75424822
63310033
13181901
11713510
09314444
44604345
29385055
95823320
48806878
66712504
22389547
55408699
35323864
99266711
52427183
46744403
10778072
98505138
87677385
32537329
31613867
00709169
96349446
28122663
21220501
12044214
74723438
86482486
90226938
48887612
20252558
50530714
18944451
20865116
83285937
20214339
04852994
14202872
66646358
17857527
61330367
53308452
10539655
76547939
12929533
73242647
73191563
00953029
35329400
52868938
53794548
28518556
71115471
94598313
39610244
24160738
08918148
56659837
09039625
16309661
29624126
91322430
30110611
97692459
02704360
99654462
68861145
94487330
40998326
42061315
51473916
64528907
10969861
52417370
02541457
65790371
77246239
05487017
68724155
24165336
61690476
10567320
75931389
97235388
01312248
20970323
87771409
92150296
33987737
33849317
12718424
30319928
61560114
60621614
06878377
88187269
18796724
57996234
96430987
81765926
32380944
59211907
94182881
75743547
85164159
22133897
39044290
50023467
14308247
11767114
10783027
46129189
44069720
14031654
24195378
73470278
31913966
37891967
23433808
63119673
74941682
98482748
26995906
98317911
68289869
34223661
03015561
48286678
87122355
24356274
23040870
70371383
66719025
